   8.0844344e-01
   7.3847179e-01
   7.1105243e-01
   6.7414059e-01
   6.9715325e-01
   6.5476912e-01
   6.3475303e-01
   6.0828080e-01
   6.1352147e-01
   5.8535177e-01
   5.7192290e-01
   5.4789924e-01
   8.5596592e-01
   8.1557599e-01
   7.6571799e-01
   6.4079656e-01
   6.0212268e-01
   5.8288634e-01
   5.5649184e-01
   4.4427670e-01
   4.2357178e-01
   4.1509370e-01
   4.0214164e-01
   3.3205184e-01
   3.1746867e-01
   3.1013823e-01
   3.0075585e-01
   9.0773369e-01
   8.7411972e-01
   8.3431024e-01
   5.9574884e-01
   5.3620749e-01
   5.1035390e-01
   4.7800964e-01
   4.0356991e-01
   3.8054065e-01
   3.7048319e-01
   3.5367753e-01
   3.2356036e-01
   3.0929911e-01
   3.0326280e-01
   2.9263389e-01
   8.6079439e-01
   8.1018780e-01
   7.4736718e-01
   5.8990596e-01
   5.5093534e-01
   5.3303216e-01
   5.0771827e-01
   3.6661380e-01
   3.4852155e-01
   3.4233385e-01
   3.3164267e-01
   2.5351022e-01
   2.4396004e-01
   2.4010610e-01
   2.3086877e-01
   9.1276951e-01
   8.7944771e-01
   8.3647872e-01
   6.0028295e-01
   5.5528464e-01
   5.3230238e-01
   5.0604689e-01
   4.2536465e-01
   4.0404768e-01
   3.9146245e-01
   3.7730947e-01
   3.3507742e-01
   3.1933437e-01
   3.1149108e-01
   3.0218089e-01
   8.7215528e-01
   8.2854376e-01
   7.7611578e-01
   6.4447109e-01
   6.1549886e-01
   5.9915595e-01
   5.7976886e-01
   4.8991347e-01
   4.7506575e-01
   4.6916020e-01
   4.5658879e-01
   3.8691036e-01
   3.7974796e-01
   3.7382592e-01
   3.6898520e-01
   9.0696743e-01
   8.7882443e-01
   8.4395009e-01
   6.4885777e-01
   6.1428270e-01
   5.9508257e-01
   5.7193622e-01
   4.5532486e-01
   4.3554029e-01
   4.2613331e-01
   4.1245100e-01
   3.4194956e-01
   3.2899788e-01
   3.2292462e-01
   3.1565831e-01
   9.0852046e-01
   8.7892813e-01
   8.4149038e-01
   6.6626997e-01
   6.1820435e-01
   5.9814268e-01
   5.6940574e-01
   4.6197539e-01
   4.3970817e-01
   4.2893043e-01
   4.1442831e-01
   3.5519908e-01
   3.4060997e-01
   3.3436937e-01
   3.2511314e-01
   8.9115567e-01
   8.5615075e-01
   8.1381784e-01
   6.6556676e-01
   6.1984896e-01
   5.9704215e-01
   5.6734402e-01
   5.0784659e-01
   4.8119093e-01
   4.6975711e-01
   4.5341222e-01
   4.2946209e-01
   4.0877102e-01
   3.9697423e-01
   3.8420413e-01
   8.9072358e-01
   8.5880101e-01
   8.1672802e-01
   6.1395058e-01
   5.7373502e-01
   5.5298458e-01
   5.2686814e-01
   3.9307279e-01
   3.7099228e-01
   3.6056120e-01
   3.4375122e-01
   2.7592097e-01
   2.5973158e-01
   2.5355959e-01
   2.4063465e-01
   9.0370823e-01
   8.6769919e-01
   8.2094260e-01
   6.3279488e-01
   5.8487302e-01
   5.6286392e-01
   5.3542566e-01
   4.3231972e-01
   4.1058250e-01
   4.0007168e-01
   3.8793467e-01
   3.3115730e-01
   3.1896747e-01
   3.1316338e-01
   3.0567359e-01
   8.8504520e-01
   8.4506414e-01
   7.9901915e-01
   5.9425833e-01
   5.3910158e-01
   5.1466956e-01
   4.8643174e-01
   4.1670822e-01
   3.9161568e-01
   3.7854829e-01
   3.6417095e-01
   3.2513545e-01
   3.0659206e-01
   2.9885401e-01
   2.8909055e-01
   8.5573364e-01
   8.0400094e-01
   7.4112171e-01
   6.5910241e-01
   5.9147122e-01
   5.6100782e-01
   5.2705775e-01
   4.7921775e-01
   4.5148915e-01
   4.3428043e-01
   4.1918719e-01
   3.8982304e-01
   3.7676914e-01
   3.6697433e-01
   3.5560051e-01
   8.4143453e-01
   7.8921730e-01
   7.2915930e-01
   6.3941782e-01
   5.9316531e-01
   5.7047048e-01
   5.4322016e-01
   4.6300905e-01
   4.4230190e-01
   4.3423800e-01
   4.1821632e-01
   3.6741548e-01
   3.5868210e-01
   3.5416335e-01
   3.4424891e-01
   8.6742592e-01
   8.2428009e-01
   7.7614968e-01
   6.8843298e-01
   6.2957673e-01
   6.0447408e-01
   5.7410445e-01
   5.0879817e-01
   4.7754244e-01
   4.6326843e-01
   4.4837344e-01
   4.0591138e-01
   3.8804341e-01
   3.7703187e-01
   3.6645012e-01
   8.6607565e-01
   8.2165583e-01
   7.7291136e-01
   8.0844344e-01
   6.9732356e-01
   4.8383165e-01
   3.9034847e-01
   6.9715325e-01
   5.9315512e-01
   4.1463017e-01
   3.3902905e-01
   6.1352147e-01
   5.2168807e-01
   3.7152368e-01
   3.0252803e-01
   8.5182921e-01
   6.1367935e-01
   4.9584525e-01
   6.4079656e-01
   6.1087605e-01
   5.1212307e-01
   4.4324675e-01
   4.4427670e-01
   4.1227125e-01
   3.2372310e-01
   2.7161373e-01
   3.3205184e-01
   2.9723979e-01
   2.2889668e-01
   1.9392888e-01
   9.4299972e-01
   8.3616321e-01
   7.5591388e-01
   5.9574884e-01
   5.3551766e-01
   3.8769122e-01
   3.1204860e-01
   4.0356991e-01
   3.4995486e-01
   2.5035691e-01
   2.0220408e-01
   3.2356036e-01
   2.8104303e-01
   2.0268366e-01
   1.6522325e-01
   9.1506323e-01
   7.4819732e-01
   6.3610891e-01
   5.8990596e-01
   5.6280492e-01
   4.7244080e-01
   4.0420166e-01
   3.6661380e-01
   3.3682527e-01
   2.6623264e-01
   2.2491549e-01
   2.5351022e-01
   2.2959904e-01
   1.8157413e-01
   1.5358918e-01
   9.5007060e-01
   8.5327483e-01
   7.7783498e-01
   6.0028295e-01
   5.6313451e-01
   4.4785576e-01
   3.7861476e-01
   4.2536465e-01
   3.8354929e-01
   2.8315489e-01
   2.3101331e-01
   3.3507742e-01
   2.9187810e-01
   2.1139505e-01
   1.7495876e-01
   9.2477140e-01
   7.9131912e-01
   7.0147613e-01
   6.4447109e-01
   5.9778266e-01
   4.7506681e-01
   4.0027558e-01
   4.8991347e-01
   4.3877993e-01
   3.2881404e-01
   2.7262605e-01
   3.8691036e-01
   3.2814116e-01
   2.4197672e-01
   2.0150794e-01
   9.2687444e-01
   7.9144361e-01
   7.0195466e-01
   6.4885777e-01
   6.1748372e-01
   5.1600324e-01
   4.4690762e-01
   4.5532486e-01
   4.1963464e-01
   3.2853980e-01
   2.7874396e-01
   3.4194956e-01
   3.0509113e-01
   2.3525775e-01
   2.0156049e-01
   9.4171047e-01
   8.3492718e-01
   7.5591201e-01
   6.6626997e-01
   6.1742280e-01
   4.9550377e-01
   4.2315020e-01
   4.6197539e-01
   4.1519751e-01
   3.2069939e-01
   2.7356254e-01
   3.5519908e-01
   3.1426182e-01
   2.4499405e-01
   2.1171937e-01
   9.1922025e-01
   7.8359726e-01
   6.9578507e-01
   6.6556676e-01
   5.9004315e-01
   4.1183202e-01
   3.2054395e-01
   5.0784659e-01
   4.2437443e-01
   2.8272492e-01
   2.2066282e-01
   4.2946209e-01
   3.5347527e-01
   2.3683221e-01
   1.8626572e-01
   8.9608481e-01
   7.1533506e-01
   6.0217877e-01
   6.1395058e-01
   5.8395112e-01
   4.8342084e-01
   4.1250193e-01
   3.9307279e-01
   3.5850128e-01
   2.7270117e-01
   2.2691107e-01
   2.7592097e-01
   2.4476934e-01
   1.8313972e-01
   1.5227174e-01
   9.4236581e-01
   8.3316100e-01
   7.5236602e-01
   6.3279488e-01
   5.8750837e-01
   4.6656435e-01
   3.9194600e-01
   4.3231972e-01
   3.8405800e-01
   2.9643561e-01
   2.4863275e-01
   3.3115730e-01
   2.8853592e-01
   2.2283006e-01
   1.9133575e-01
   9.2785547e-01
   7.9369083e-01
   7.0337334e-01
   5.9425833e-01
   5.5044739e-01
   4.2974716e-01
   3.5376437e-01
   4.1670822e-01
   3.7405034e-01
   2.7500885e-01
   2.2145474e-01
   3.2513545e-01
   2.8366176e-01
   2.0414943e-01
   1.6705476e-01
   9.1674991e-01
   7.5953297e-01
   6.5593053e-01
   6.5910241e-01
   5.7439364e-01
   3.8680096e-01
   2.9978907e-01
   4.7921775e-01
   3.9980886e-01
   2.6677086e-01
   2.0899551e-01
   3.8982304e-01
   3.2604897e-01
   2.2385565e-01
   1.7760612e-01
   8.8610672e-01
   6.7335577e-01
   5.4081066e-01
   6.3941782e-01
   5.7598443e-01
   4.2122914e-01
   3.3389506e-01
   4.6300905e-01
   3.9416653e-01
   2.7239411e-01
   2.2032079e-01
   3.6741548e-01
   3.1084292e-01
   2.2067250e-01
   1.7809634e-01
   9.1240327e-01
   7.4447714e-01
   6.3388314e-01
   6.8843298e-01
   6.2704313e-01
   4.6712045e-01
   3.8008578e-01
   5.0879817e-01
   4.4893884e-01
   3.2092433e-01
   2.5833818e-01
   4.0591138e-01
   3.5271041e-01
   2.4890240e-01
   2.0367826e-01
   9.0204495e-01
   7.2564279e-01
   6.1323557e-01
